50,2
52,35
47,1
47,3
45,1
45,3
42,1
42,3
40,1
40,3
36,1
36,3
38,1
38,3
31,1
31,3
50,1
50,3
49,2
48,5
48,1
48,3
0,273
0,270
49,1
49,3
28,1
28,3
10,87
10,19
10,89
10,73
10,267
10,251
10,273
10,211
11,29
11,17
11,27
11,25
11,15
8,14
8,11
8,5
8,10
21,3
21,2
21,1
21,0
12,3
12,2
12,1
11,23
11,21
20,2
20,1
20,3
19,2
19,1
19,3
11,19
11,11
11,9
11,7
11,5
11,3
11,2
11,1
10,281
10,279
10,219
10,147
10,83
10,71
10,29
10,11
10,3
10,2
10,1
9,7
9,5
9,3
9,2
9,1
8,17
8,13
8,12
8,9
8,8
8,7
8,6
8,4
8,3
8,2
8,1
7,13
7,12
7,11
7,10
7,9
7,8
7,7
7,6
7,5
7,4
7,1
6,7
6,6
6,5
